---
build/images/background-90d57cd7.svg: 2020-10-09 15:56:28.861294209 +02:00
build/images/us/ANGrwTKxjlk-1408-opt-48bf038c.jpg: 2020-10-07 17:14:27.895540843 +02:00
build/images/us/L78JcoAznmc-1024-opt-fc8b9a0a.jpg: 2020-10-07 17:14:27.887541424 +02:00
build/images/us/L78JcoAznmc-769-opt-c968e4f8.jpg: 2020-10-07 17:14:27.887541424 +02:00
build/images/us/rVcxGBT80j8-c805c0f8.jpg: 2020-10-07 17:14:27.891541134 +02:00
build/images/us/ANGrwTKxjlk-opt-c61d8458.jpg: 2020-10-07 17:14:27.895540843 +02:00
build/images/us/rVcxGBT80j8-1216-opt-76ac0197.jpg: 2020-10-07 17:14:27.891541134 +02:00
build/images/us/ANGrwTKxjlk-769-opt-ffe031de.jpg: 2020-10-07 17:14:27.891541134 +02:00
build/images/us/ANGrwTKxjlk-1024-opt-d277a249.jpg: 2020-10-07 17:14:27.891541134 +02:00
build/images/us/ANGrwTKxjlk-1216-opt-fb83e9ef.jpg: 2020-10-07 17:14:27.891541134 +02:00
build/images/us/rVcxGBT80j8-1408-opt-c805c0f8.jpg: 2020-10-07 18:07:50.638756251 +02:00
build/images/us/L78JcoAznmc-opt-e56133d7.jpg: 2020-10-07 17:14:27.895540843 +02:00
build/images/us/L78JcoAznmc-1408-opt-3c944b4d.jpg: 2020-10-07 17:14:27.887541424 +02:00
build/images/us/rVcxGBT80j8-769-opt-4b8ab664.jpg: 2020-10-07 17:14:27.887541424 +02:00
build/images/us/L78JcoAznmc-1216-opt-a949c51e.jpg: 2020-10-07 17:14:27.887541424 +02:00
build/images/us/ANGrwTKxjlk-c61d8458.jpg: 2020-10-07 17:14:27.891541134 +02:00
build/images/us/rVcxGBT80j8-1024-opt-761feec8.jpg: 2020-10-07 17:14:27.887541424 +02:00
build/images/us/rVcxGBT80j8-opt-c805c0f8.jpg: 2020-10-07 17:14:27.895540843 +02:00
build/images/us/L78JcoAznmc-e56133d7.jpg: 2020-10-07 17:14:27.895540843 +02:00
build/images/logo-db287df7.png: 2020-09-03 12:27:28.453862550 +02:00
build/images/logo_vade_io-b4b2e5bd.svg: 2020-10-09 15:56:30.737305558 +02:00
build/fonts/AkkuratPro-Bold-6509d43a.svg: 2020-10-09 15:56:32.577316643 +02:00
build/fonts/fa-brands-400-99dff073.svg: 2020-10-09 15:56:33.185320296 +02:00
build/fonts/Gotham-BoldItalic-c87bb3b2.svg: 2020-10-09 15:56:32.557316523 +02:00
build/fonts/AkkuratPro-Italic-df22d8d8.svg: 2020-10-09 15:56:33.369321400 +02:00
build/fonts/Gotham-Bold-62476a9b.svg: 2020-10-09 15:56:33.221320512 +02:00
build/fonts/AkkuratPro-BoldItalic-3b771185.svg: 2020-10-09 15:56:33.417321688 +02:00
build/fonts/AkkuratPro-Light-13d6a614.svg: 2020-10-09 15:56:33.413321664 +02:00
build/fonts/AkkuratPro-Regular-a3966ea6.svg: 2020-10-09 15:56:34.941330817 +02:00
build/fonts/AkkuratPro-LightItalic-7686feb9.svg: 2020-10-09 15:56:34.993331128 +02:00
build/fonts/fa-solid-900-5501fb62.svg: 2020-10-09 15:56:35.293332919 +02:00
build/fonts/fa-regular-400-51afca56.svg: 2020-10-09 15:56:34.445327848 +02:00
