---
build/images/background-90d57cd7.svg: 2020-10-09 22:36:12.085401474 +02:00
build/images/us/L78JcoAznmc-1216-18_6_0_0-opt-48c3d321.jpg: 2020-10-09 22:34:02.841556889
  +02:00
build/images/us/ANGrwTKxjlk-1216-18_6_0_0-opt-5f010424.jpg: 2020-10-09 22:34:02.845556887
  +02:00
build/images/us/L78JcoAznmc-1408-18_6_0_0-opt-8064067c.jpg: 2020-10-09 22:34:02.841556889
  +02:00
build/images/us/ANGrwTKxjlk-1024-18_6_0_0-opt-6445c3b0.jpg: 2020-10-09 22:34:02.845556887
  +02:00
build/images/us/ANGrwTKxjlk-769-18_6_0_0-opt-61b8078b.jpg: 2020-10-09 22:34:02.845556887
  +02:00
build/images/us/rVcxGBT80j8-c805c0f8.jpg: 2020-10-07 17:14:27.891541134 +02:00
build/images/us/ANGrwTKxjlk-opt-c61d8458.jpg: 2020-10-07 17:14:27.895540843 +02:00
build/images/us/rVcxGBT80j8-1216-18_6_0_0-opt-52aa6601.jpg: 2020-10-09 22:34:02.841556889
  +02:00
build/images/us/L78JcoAznmc-opt-e56133d7.jpg: 2020-10-07 17:14:27.895540843 +02:00
build/images/us/rVcxGBT80j8-1408-18_6_0_0-opt-e066d681.jpg: 2020-10-09 22:34:02.841556889
  +02:00
build/images/us/L78JcoAznmc-1024-18_6_0_0-opt-ea6ca252.jpg: 2020-10-09 22:34:02.841556889
  +02:00
build/images/us/ANGrwTKxjlk-1408-18_6_0_0-opt-880b7390.jpg: 2020-10-09 22:34:02.845556887
  +02:00
build/images/us/rVcxGBT80j8-769-18_6_0_0-opt-4e4b190b.jpg: 2020-10-09 22:34:02.841556889
  +02:00
build/images/us/L78JcoAznmc-769-18_6_0_0-opt-ee89d879.jpg: 2020-10-09 22:34:02.841556889
  +02:00
build/images/us/ANGrwTKxjlk-c61d8458.jpg: 2020-10-07 17:14:27.891541134 +02:00
build/images/us/rVcxGBT80j8-opt-c805c0f8.jpg: 2020-10-07 17:14:27.895540843 +02:00
build/images/us/L78JcoAznmc-e56133d7.jpg: 2020-10-07 17:14:27.895540843 +02:00
build/images/us/rVcxGBT80j8-1024-18_6_0_0-opt-96f373a2.jpg: 2020-10-09 22:34:02.841556889
  +02:00
build/images/logo-db287df7.png: 2020-09-03 12:27:28.453862550 +02:00
build/images/logo_vade_io-b4b2e5bd.svg: 2020-10-09 22:36:14.337368177 +02:00
build/fonts/AkkuratPro-Bold-6509d43a.svg: 2020-10-09 22:36:15.513350839 +02:00
build/fonts/fa-brands-400-99dff073.svg: 2020-10-09 22:36:16.069342651 +02:00
build/fonts/Gotham-BoldItalic-c87bb3b2.svg: 2020-10-09 22:36:15.425352135 +02:00
build/fonts/AkkuratPro-Italic-df22d8d8.svg: 2020-10-09 22:36:16.329338827 +02:00
build/fonts/Gotham-Bold-62476a9b.svg: 2020-10-09 22:36:16.289339416 +02:00
build/fonts/AkkuratPro-BoldItalic-3b771185.svg: 2020-10-09 22:36:16.529335886 +02:00
build/fonts/AkkuratPro-Light-13d6a614.svg: 2020-10-09 22:36:16.501336298 +02:00
build/fonts/AkkuratPro-Regular-a3966ea6.svg: 2020-10-09 22:36:17.961314853 +02:00
build/fonts/AkkuratPro-LightItalic-7686feb9.svg: 2020-10-09 22:36:17.981314559 +02:00
build/fonts/fa-solid-900-5501fb62.svg: 2020-10-09 22:36:18.293309986 +02:00
build/fonts/fa-regular-400-51afca56.svg: 2020-10-09 22:36:17.493321723 +02:00
