---
build/images/background-90d57cd7.svg: 2020-10-11 18:00:56.481245035 +02:00
build/images/us/L78JcoAznmc-1216-18_6_0_0-opt-48c3d321.jpg: 2020-10-09 22:34:02.841556889
  +02:00
build/images/us/L78JcoAznmc-18_6_0_0-opt-4b15f25e.jpg: 2020-10-09 22:47:57.031069742
  +02:00
build/images/us/ANGrwTKxjlk-1216-18_6_0_0-opt-5f010424.jpg: 2020-10-09 22:34:02.845556887
  +02:00
build/images/us/L78JcoAznmc-1408-18_6_0_0-opt-8064067c.jpg: 2020-10-09 22:34:02.841556889
  +02:00
build/images/us/ANGrwTKxjlk-1024-18_6_0_0-opt-6445c3b0.jpg: 2020-10-09 22:34:02.845556887
  +02:00
build/images/us/ANGrwTKxjlk-18_6_0_0-opt-ecd6f0d9.jpg: 2020-10-09 22:47:57.027069764
  +02:00
build/images/us/ANGrwTKxjlk-769-18_6_0_0-opt-61b8078b.jpg: 2020-10-09 22:34:02.845556887
  +02:00
build/images/us/rVcxGBT80j8-c805c0f8.jpg: 2020-10-07 17:14:27.891541134 +02:00
build/images/us/rVcxGBT80j8-18_6_0_0-opt-1f2c8f73.jpg: 2020-10-09 22:47:57.035069721
  +02:00
build/images/us/rVcxGBT80j8-1216-18_6_0_0-opt-52aa6601.jpg: 2020-10-09 22:34:02.841556889
  +02:00
build/images/us/rVcxGBT80j8-1408-18_6_0_0-opt-e066d681.jpg: 2020-10-09 22:34:02.841556889
  +02:00
build/images/us/L78JcoAznmc-1024-18_6_0_0-opt-ea6ca252.jpg: 2020-10-09 22:34:02.841556889
  +02:00
build/images/us/ANGrwTKxjlk-1408-18_6_0_0-opt-880b7390.jpg: 2020-10-09 22:34:02.845556887
  +02:00
build/images/us/rVcxGBT80j8-769-18_6_0_0-opt-4e4b190b.jpg: 2020-10-09 22:34:02.841556889
  +02:00
build/images/us/L78JcoAznmc-769-18_6_0_0-opt-ee89d879.jpg: 2020-10-09 22:34:02.841556889
  +02:00
build/images/us/ANGrwTKxjlk-c61d8458.jpg: 2020-10-07 17:14:27.891541134 +02:00
build/images/us/L78JcoAznmc-e56133d7.jpg: 2020-10-07 17:14:27.895540843 +02:00
build/images/us/rVcxGBT80j8-1024-18_6_0_0-opt-96f373a2.jpg: 2020-10-09 22:34:02.841556889
  +02:00
build/images/logo-db287df7.png: 2020-09-03 12:27:28.453862550 +02:00
build/images/logo_vade_io-b4b2e5bd.svg: 2020-10-11 18:00:57.545231584 +02:00
build/fonts/AkkuratPro-Bold-6509d43a.svg: 2020-10-11 18:00:58.913214318 +02:00
build/fonts/fa-brands-400-99dff073.svg: 2020-10-11 18:00:59.293209529 +02:00
build/fonts/Gotham-BoldItalic-c87bb3b2.svg: 2020-10-11 18:00:58.581218506 +02:00
build/fonts/AkkuratPro-Italic-df22d8d8.svg: 2020-10-11 18:00:58.861214974 +02:00
build/fonts/Gotham-Bold-62476a9b.svg: 2020-10-11 18:00:59.429207816 +02:00
build/fonts/AkkuratPro-BoldItalic-3b771185.svg: 2020-10-11 18:01:00.053199956 +02:00
build/fonts/AkkuratPro-Light-13d6a614.svg: 2020-10-11 18:01:00.001200610 +02:00
build/fonts/AkkuratPro-Regular-a3966ea6.svg: 2020-10-11 18:01:01.209185417 +02:00
build/fonts/AkkuratPro-LightItalic-7686feb9.svg: 2020-10-11 18:01:01.273184613 +02:00
build/fonts/fa-solid-900-5501fb62.svg: 2020-10-11 18:01:01.589180644 +02:00
build/fonts/fa-regular-400-51afca56.svg: 2020-10-11 18:01:00.797190596 +02:00
